20
10 15 5 25 30 33 28 6 3 50 11 13 18 95 1 12 8 63 45 31
0 1 1 1 0 0 0 0 0 0 0 1 1 1 0 0 0 0 0 0
1 0 0 0 1 0 0 0 0 0 1 0 0 0 1 0 0 0 0 0
1 0 0 0 0 0 0 0 0 0 1 0 0 0 0 0 0 0 0 0
1 0 0 0 0 0 1 0 0 0 1 0 0 0 0 0 1 0 0 0
0 1 0 0 0 1 0 1 0 0 0 1 0 0 0 1 0 1 0 0
0 0 0 0 1 0 0 0 1 0 0 0 0 0 1 0 0 0 1 0
0 0 0 1 0 0 0 0 0 1 0 0 0 1 0 0 0 0 0 1
0 0 0 0 1 0 0 0 1 0 0 0 0 0 1 0 0 0 1 0
0 0 0 0 0 1 0 1 0 1 0 0 0 0 0 1 0 1 0 1
0 0 0 0 0 0 1 0 1 0 0 0 0 0 0 0 1 0 1 0
0 1 1 1 0 0 0 0 0 0 0 1 1 1 0 0 0 0 0 0
1 0 0 0 1 0 0 0 0 0 1 0 0 0 1 0 0 0 0 0
1 0 0 0 0 0 0 0 0 0 1 0 0 0 0 0 0 0 0 0
1 0 0 0 0 0 1 0 0 0 1 0 0 0 0 0 1 0 0 0
0 1 0 0 0 1 0 1 0 0 0 1 0 0 0 1 0 1 0 0
0 0 0 0 1 0 0 0 1 0 0 0 0 0 1 0 0 0 1 0
0 0 0 1 0 0 0 0 0 1 0 0 0 1 0 0 0 0 0 1
0 0 0 0 1 0 0 0 1 0 0 0 0 0 1 0 0 0 1 0
0 0 0 0 0 1 0 1 0 1 0 0 0 0 0 1 0 1 0 1
0 0 0 0 0 0 1 0 1 0 0 0 0 0 0 0 1 0 1 0
